C:\Users\Allen\Downloads\drive-download-20230428T100908Z-001\data1\DSC09663.JPG
600 400

1 0 199.5 
0 1 299.5 
0 0 1 

0.99952 -0.00367507 0.0307716 
0.00367333 0.999993 0.000113084 
-0.0307718 -3.97187e-013 0.999526 

724.149

C:\Users\Allen\Downloads\drive-download-20230428T100908Z-001\data1\DSC09664.JPG
600 400

1 0 199.5 
0 1 299.5 
0 0 1 

0.999488 0.00758052 0.031092 
0.00488183 0.924056 -0.382226 
-0.0316282 0.382182 0.923546 

722.975

C:\Users\Allen\Downloads\drive-download-20230428T100908Z-001\data1\DSC09665.JPG
600 400

1 0 199.5 
0 1 299.5 
0 0 1 

0.999469 0.0169074 0.0278604 
0.0036654 0.79115 -0.61161 
-0.0323825 0.611388 0.790668 

724.104

C:\Users\Allen\Downloads\drive-download-20230428T100908Z-001\data1\DSC09666.JPG
600 400

1 0 199.5 
0 1 299.5 
0 0 1 

0.99949 0.0253672 0.0193717 
0.00266129 0.538575 -0.842573 
-0.0318068 0.842195 0.538233 

725.479

C:\Users\Allen\Downloads\drive-download-20230428T100908Z-001\data1\DSC09667.JPG
600 400

1 0 199.5 
0 1 299.5 
0 0 1 

0.999496 0.0306943 0.00809226 
-0.000294111 0.263874 -0.964557 
-0.0317417 0.964069 0.26375 

724.764

C:\Users\Allen\Downloads\drive-download-20230428T100908Z-001\data1\DSC09668.JPG
600 400

1 0 199.5 
0 1 299.5 
0 0 1 

0.999507 0.0314079 0.000174431 
0.000358479 -0.00585459 -0.999983 
-0.0314064 0.999489 -0.00586284 

722.461

C:\Users\Allen\Downloads\drive-download-20230428T100908Z-001\data1\DSC09669.JPG
600 400

1 0 199.5 
0 1 299.5 
0 0 1 

0.999552 0.0284855 -0.00917695 
1.53473e-005 -0.307129 -0.951668 
-0.0299273 0.951241 -0.306992 

722.275

C:\Users\Allen\Downloads\drive-download-20230428T100908Z-001\data1\DSC09670.JPG
600 400

1 0 199.5 
0 1 299.5 
0 0 1 

0.999541 0.026242 -0.0151361 
0.00340708 -0.593843 -0.804573 
-0.0301021 0.804153 -0.59366 

722.677

C:\Users\Allen\Downloads\drive-download-20230428T100908Z-001\data1\DSC09671.JPG
600 400

1 0 199.5 
0 1 299.5 
0 0 1 

0.999565 0.0195242 -0.0220915 
0.00425128 -0.836922 -0.547305 
-0.0291746 0.546973 -0.836641 

722.554

C:\Users\Allen\Downloads\drive-download-20230428T100908Z-001\data1\DSC09672.JPG
600 400

1 0 199.5 
0 1 299.5 
0 0 1 

0.999576 0.0112513 -0.0268545 
0.00275519 -0.954732 -0.297453 
-0.0289856 0.297253 -0.954359 

722.314

C:\Users\Allen\Downloads\drive-download-20230428T100908Z-001\data1\DSC09673.JPG
600 400

1 0 199.5 
0 1 299.5 
0 0 1 

0.999583 0.00218273 -0.0287893 
0.00331469 -0.99922 0.0393295 
-0.028681 -0.0394086 -0.998811 

722.824

C:\Users\Allen\Downloads\drive-download-20230428T100908Z-001\data1\DSC09674.JPG
600 400

1 0 199.5 
0 1 299.5 
0 0 1 

0.999565 -0.00571049 -0.0289333 
0.00440775 -0.941127 0.338023 
-0.0291602 -0.338004 -0.940693 

721.162

C:\Users\Allen\Downloads\drive-download-20230428T100908Z-001\data1\DSC09675.JPG
600 400

1 0 199.5 
0 1 299.5 
0 0 1 

0.999624 -0.0103835 -0.0253578 
0.00646906 -0.809832 0.586626 
-0.0266269 -0.586569 -0.809461 

722.199

C:\Users\Allen\Downloads\drive-download-20230428T100908Z-001\data1\DSC09676.JPG
600 400

1 0 199.5 
0 1 299.5 
0 0 1 

0.999664 -0.0216469 -0.0142623 
0.000812107 -0.52376 0.851865 
-0.0259102 -0.851591 -0.523567 

727.515

C:\Users\Allen\Downloads\drive-download-20230428T100908Z-001\data1\DSC09677.JPG
600 400

1 0 199.5 
0 1 299.5 
0 0 1 

0.99961 -0.0275754 -0.00434987 
-0.00255316 -0.245472 0.9694 
-0.0277993 -0.969012 -0.245447 

725.144

C:\Users\Allen\Downloads\drive-download-20230428T100908Z-001\data1\DSC09678.JPG
600 400

1 0 199.5 
0 1 299.5 
0 0 1 

0.999558 -0.0297149 0.000664338 
0.000415247 0.0363099 0.99934 
-0.0297194 -0.998899 0.0363062 

725.759

C:\Users\Allen\Downloads\drive-download-20230428T100908Z-001\data1\DSC09679.JPG
600 400

1 0 199.5 
0 1 299.5 
0 0 1 

0.999506 -0.0297608 0.0101337 
0.00234889 0.392121 0.919911 
-0.0313509 -0.919432 0.391997 

726.313

C:\Users\Allen\Downloads\drive-download-20230428T100908Z-001\data1\DSC09680.JPG
600 400

1 0 199.5 
0 1 299.5 
0 0 1 

0.999519 -0.027154 0.0150231 
0.00457539 0.607761 0.794107 
-0.0306937 -0.793656 0.607592 

725.374

C:\Users\Allen\Downloads\drive-download-20230428T100908Z-001\data1\DSC09681.JPG
600 400

1 0 199.5 
0 1 299.5 
0 0 1 

0.999465 -0.0214453 0.0247187 
0.00359561 0.82274 0.568406 
-0.0325268 -0.568013 0.822377 

725.738

C:\Users\Allen\Downloads\drive-download-20230428T100908Z-001\data1\DSC09662.JPG
600 400

1 0 199.5 
0 1 299.5 
0 0 1 

0.999541 -0.00964168 0.0287146 
0.00166107 0.964008 0.265869 
-0.0302445 -0.2657 0.963581 

724.786

