C:\Users\Allen\Downloads\drive-download-20230428T100908Z-001\data2\DSC09643.JPG
400 600

1 0 299.5 
0 1 199.5 
0 0 1 

0.968568 -0.0205857 0.247894 
0.0199429 0.999788 0.00510411 
-0.247947 -1.21853e-008 0.968774 

718.405

C:\Users\Allen\Downloads\drive-download-20230428T100908Z-001\data2\DSC09644.JPG
400 600

1 0 299.5 
0 1 199.5 
0 0 1 

0.968095 0.0538236 0.244732 
0.0199357 0.95702 -0.289336 
-0.249787 0.284984 0.925414 

718.908

C:\Users\Allen\Downloads\drive-download-20230428T100908Z-001\data2\DSC09645.JPG
400 600

1 0 299.5 
0 1 199.5 
0 0 1 

0.968297 0.118406 0.219954 
0.0207057 0.839448 -0.543046 
-0.24894 0.530384 0.810384 

718.78

C:\Users\Allen\Downloads\drive-download-20230428T100908Z-001\data2\DSC09646.JPG
400 600

1 0 299.5 
0 1 199.5 
0 0 1 

0.968575 0.189706 0.160856 
0.0223905 0.577599 -0.816014 
-0.247713 0.793972 0.5552 

718.782

C:\Users\Allen\Downloads\drive-download-20230428T100908Z-001\data2\DSC09647.JPG
400 600

1 0 299.5 
0 1 199.5 
0 0 1 

0.969157 0.226925 0.0961236 
0.0253044 0.296351 -0.954744 
-0.245142 0.927729 0.281468 

718.936

C:\Users\Allen\Downloads\drive-download-20230428T100908Z-001\data2\DSC09648.JPG
400 600

1 0 299.5 
0 1 199.5 
0 0 1 

0.969401 0.244227 0.0247885 
0.021455 0.0163004 -0.999637 
-0.244542 0.969581 0.0105617 

718.858

C:\Users\Allen\Downloads\drive-download-20230428T100908Z-001\data2\DSC09649.JPG
400 600

1 0 299.5 
0 1 199.5 
0 0 1 

0.969313 0.241746 -0.0446287 
0.0230431 -0.270092 -0.962559 
-0.244749 0.931992 -0.267374 

719.498

C:\Users\Allen\Downloads\drive-download-20230428T100908Z-001\data2\DSC09650.JPG
400 600

1 0 299.5 
0 1 199.5 
0 0 1 

0.969151 0.217663 -0.115621 
0.0231963 -0.547586 -0.836428 
-0.245372 0.807943 -0.535743 

719.481

C:\Users\Allen\Downloads\drive-download-20230428T100908Z-001\data2\DSC09651.JPG
400 600

1 0 299.5 
0 1 199.5 
0 0 1 

0.968441 0.163205 -0.188375 
0.0205474 -0.805502 -0.592236 
-0.248392 0.569675 -0.783435 

719.002

C:\Users\Allen\Downloads\drive-download-20230428T100908Z-001\data2\DSC09652.JPG
400 600

1 0 299.5 
0 1 199.5 
0 0 1 

0.968435 0.0972958 -0.229492 
0.0191703 -0.94702 -0.320603 
-0.248527 0.306084 -0.918992 

718.47

C:\Users\Allen\Downloads\drive-download-20230428T100908Z-001\data2\DSC09653.JPG
400 600

1 0 299.5 
0 1 199.5 
0 0 1 

0.968668 0.0249357 -0.247104 
0.0191242 -0.999482 -0.0258913 
-0.247621 0.0203544 -0.968643 

718.846

C:\Users\Allen\Downloads\drive-download-20230428T100908Z-001\data2\DSC09654.JPG
400 600

1 0 299.5 
0 1 199.5 
0 0 1 

0.968739 -0.0637911 -0.239738 
0.0209769 -0.94185 0.335378 
-0.247191 -0.329923 -0.911069 

718.132

C:\Users\Allen\Downloads\drive-download-20230428T100908Z-001\data2\DSC09655.JPG
400 600

1 0 299.5 
0 1 199.5 
0 0 1 

0.968965 -0.131691 -0.209198 
0.0183244 -0.805686 0.592059 
-0.246517 -0.577518 -0.778269 

716.999

C:\Users\Allen\Downloads\drive-download-20230428T100908Z-001\data2\DSC09656.JPG
400 600

1 0 299.5 
0 1 199.5 
0 0 1 

0.96865 -0.188846 -0.161411 
0.0220929 -0.581671 0.813124 
-0.247443 -0.791198 -0.559264 

717.182

C:\Users\Allen\Downloads\drive-download-20230428T100908Z-001\data2\DSC09657.JPG
400 600

1 0 299.5 
0 1 199.5 
0 0 1 

0.968682 -0.227475 -0.0995497 
0.0236035 -0.314745 0.948882 
-0.24718 -0.921515 -0.299519 

717.932

C:\Users\Allen\Downloads\drive-download-20230428T100908Z-001\data2\DSC09658.JPG
400 600

1 0 299.5 
0 1 199.5 
0 0 1 

0.969225 -0.244188 -0.0312453 
0.0259299 -0.0249531 0.999352 
-0.244809 -0.969406 -0.0178535 

718.873

C:\Users\Allen\Downloads\drive-download-20230428T100908Z-001\data2\DSC09659.JPG
400 600

1 0 299.5 
0 1 199.5 
0 0 1 

0.96938 -0.240687 0.0486996 
0.0256554 0.296496 0.954689 
-0.244221 -0.924207 0.293592 

719.225

C:\Users\Allen\Downloads\drive-download-20230428T100908Z-001\data2\DSC09660.JPG
400 600

1 0 299.5 
0 1 199.5 
0 0 1 

0.969916 -0.209612 0.1238 
0.0247715 0.590882 0.806377 
-0.242177 -0.779051 0.578298 

720.297

C:\Users\Allen\Downloads\drive-download-20230428T100908Z-001\data2\DSC09661.JPG
400 600

1 0 299.5 
0 1 199.5 
0 0 1 

0.969255 -0.143001 0.200239 
0.0138204 0.844139 0.535946 
-0.245671 -0.5167 0.820162 

718.083

C:\Users\Allen\Downloads\drive-download-20230428T100908Z-001\data2\DSC09642.JPG
400 600

1 0 299.5 
0 1 199.5 
0 0 1 

0.968411 -0.0882785 0.233208 
0.0178634 0.957394 0.288232 
-0.248717 -0.274961 0.928728 

718.248

